0.00000  1.00000 
0.05000  1.00000 
0.10000  1.00000 
0.15000  1.00000 
0.20000  1.00000 
0.25000  1.00000 
0.30000  1.00000 
0.35000  1.00000 
0.40000  1.00000 
0.45000  1.00000 
0.50000  1.00000 
0.55000  1.00000 
0.60000  1.00000 
0.65000  1.00000 
0.70000  1.00000 
0.75000  1.00000 
0.80000  1.00000 
0.85000  1.00000 
0.90000  1.00000 
0.95000  1.00000 
1.00000  1.00000 
1.05000  1.00000 
1.10000  1.00000 
1.15000  1.00000 
1.20000  1.00000 
1.25000  1.00000 
1.30000  1.00000 
1.35000  1.00000 
1.40000  1.00000 
1.45000  1.00000 
1.50000  1.00000 
1.55000  1.00000 
1.60000  1.00000 
1.65000  1.00000 
1.70000  1.00000 
1.75000  1.00000 
1.80000  1.00000 
1.85000  1.00000 
1.90000  1.00000 
1.95000  1.00000 
2.00000  1.00000 
2.05000  1.00000 
2.10000  1.00000 
2.15000  1.00000 
2.20000  1.00000 
2.25000  1.00000 
2.30000  1.00000 
2.35000  1.00000 
2.40000  1.00000 
2.45000  1.00000 
2.50000  1.00000 
2.55000  1.00000 
2.60000  1.00000 
2.65000  1.00000 
2.70000  0.99999 
2.75000  0.99999 
2.80000  0.99996 
2.85000  0.99996 
2.90000  0.99988 
2.95000  0.99988 
3.00000  0.99962 
3.05000  0.99962 
3.10000  0.99880 
3.15000  0.99880 
3.20000  0.99621 
3.25000  0.99621 
3.30000  0.98811 
3.35000  0.98811 
3.40000  0.96361 
3.45000  0.96360 
3.50000  0.89526 
3.55000  0.89516 
3.60000  0.73905 
3.65000  0.73845 
3.70000  0.49198 
3.75000  0.48931 
3.80000  0.24989 
3.85000  0.24087 
3.90000  0.09306 
3.95000  0.06715 
4.00000  0.00000 
